$ 1 0.000005 54.00526672067058 50 5 50 5e-11
409 400 336 528 336 3 0.6 0 0.023100000000000002 2
174 288 240 304 384 1 10000 0.203 Setpoint
r 240 240 240 352 0 24700
r 240 352 240 400 0 47000
w 400 352 240 352 0
w 240 240 288 240 0
w 288 240 464 240 0
w 464 304 464 240 0
w 240 400 288 400 0
w 288 400 464 400 0
w 464 368 464 400 0
g 464 400 464 416 0 0
w 304 320 336 320 0
368 400 352 368 368 0 0
368 400 288 368 272 0 0
r 336 320 400 320 0 10000
r 400 288 480 288 0 47000
w 400 288 400 320 0
w 480 288 528 288 0
w 528 288 528 336 0
409 608 336 736 336 3 0.6 0 0.023100000000000002 2
r 560 352 560 400 0 10000
r 560 352 560 240 0 10000
w 560 352 608 352 0
w 528 336 592 336 0
w 608 320 592 336 0
w 464 400 560 400 0
w 464 240 560 240 0
w 560 400 672 400 0
w 672 368 672 400 0
w 560 240 672 240 0
w 672 304 672 240 0
368 528 336 528 368 0 0
368 736 336 768 336 0 0
368 608 352 624 368 0 0
368 608 320 608 272 0 0
R 464 240 464 208 0 0 40 5 0 0 0.5
x 246 199 663 202 4 16 A\sbetter\swater\ssensor\swith\sclean\soutput\sand\sschmitt-trigger.
x 175 289 230 292 4 8 water\sresistance
x 307 311 330 314 4 8 trimpot
x 468 357 519 360 4 8 schmitt-trigger
x 678 360 704 363 4 8 cleanup
o 13 64 0 4098 10 6.4 0 4 13 3 14 0 14 3
o 33 64 0 4098 10 6.4 1 6 33 3 35 0 35 3 34 0 34 3
38 2 F1 0 10000 500000 -1 Water\sResistance
