$ 1 0.000005 10.20027730826997 50 5 50 5e-11
r 464 368 528 368 0 326800
R 464 288 464 256 0 0 40 5 0 0 0.5
w 464 288 464 368 0
174 528 400 512 432 1 1000000 0.10400000000000001 Trim
w 528 400 528 368 0
w 512 416 464 416 0
g 464 464 464 480 0 0
w 464 416 464 464 0
t 576 384 608 384 0 1 -0.1150439298544984 0.6327722654012672 110 default
t 528 368 560 368 0 1 0.39621807561811484 0.5112620054726132 110 default
w 560 384 576 384 0
w 560 352 608 352 0
w 608 352 608 368 0
w 624 400 624 464 0
g 624 464 624 480 0 0
R 624 288 624 256 0 0 40 5 0 0 0.5
r 624 288 624 352 0 1000
368 624 352 672 352 0 0
w 608 400 624 400 0
w 608 352 624 352 0
x 469 348 524 351 4 8 water\selectrodes
x 637 381 708 384 4 16 to\sarduino
x 536 423 589 426 4 16 trim\spot
38 0 F1 0 10000 1000000 -1 Water\sRes
